leaf_cold_SM_B_1	54058	626	493	4998	320	741	9084	70320
leaf_cold_SM_B_4	78978	1141	666	6706	479	1224	12591	101785
leaf_control_SM_B_1	67054	655	570	5665	379	1038	12122	87483
leaf_control_SM_B_4	57431	769	703	4968	310	974	11161	76316
leaf_heat_SM_B_1	37456	577	534	4148	553	661	9563	53492
leaf_cold_SM_B_2	133481	1831	1192	12634	1027	2200	22877	175242
leaf_cold_SM_B_3	171767	1979	1356	17546	995	2605	27121	223369
leaf_salt_SM_B_2	49533	518	301	3521	206	681	6697	61457
leaf_salt_SM_B_1	60103	758	632	4605	630	980	13675	81383
leaf_control_SM_B_2	107386	1179	838	10464	551	1755	17215	139388
anther_R1_DS_B_2	9695318	183478	75245	779695	87614	104967	950272	11876589
anther_R1_DS_B_1	10323061	176808	76362	800287	80085	108902	999510	12565015
leaf_uv_SM_B_2	53337	558	337	4613	266	811	7831	67753
leaf_uv_SM_B_1	24265	838	2228	2235	990	1399	18192	50147
leaf_control_SM_B_3	125780	1406	1202	13729	849	2045	23267	168278
leaf_base.stage2.V5_DS_B_2	9954774	92937	37369	541043	39331	94945	740861	11501260
anther_R1_DS_B_3	20863840	380778	160149	1637398	172540	224272	1964757	25403734
leaf_11.V9_DS_B_3	2385485	19657	9480	125182	11240	20665	223039	2794748
coleoptile_6das_DS_B_2	3238840	28182	11320	150982	10088	27160	244899	3711471
coleoptile_6das_DS_B_3	2795832	26395	11105	132976	13536	25553	261890	3267287
leaf_8.V9_DS_B_3	3935009	34411	16851	209263	24251	45090	396861	4661736
stem_shoot.apex_GL_M0077_1	18637171	228152	87892	966852	8567	26979	367414	20323027
leaf_base.stage2.V5_DS_B_1	24320137	213790	90857	1272875	84509	218155	1676449	27876772
leaf_8.V9_DS_B_2	5355262	53126	24245	300506	50095	83208	706703	6573145
leaf_11.V9_DS_B_1	6759721	53881	26597	379348	22027	52086	488006	7781666
leaf_11.V9_DS_B_2	6076977	50670	24284	326542	27465	49068	561807	7116813
embryo_16dap_DS_B_2	7260347	58539	21266	463979	16074	47053	489974	8357232
leaf_heat_SM_B_4	140528	1490	1043	18212	1118	2077	20833	185301
leaf_base.stage2.V7_DS_B_1	17869002	166549	72842	966129	64699	172330	1368067	20679618
embryo_16dap_DS_B_1	9933924	77581	27768	623952	23499	68321	666793	11421838
leaf_heat_SM_B_3	131244	1474	1219	17778	1013	1865	21249	175842
endosperm_16dap_DS_B_1	7873981	167785	101981	474828	37573	74538	740581	9471267
embryo_22dap_DS_B_1	9254549	106844	48941	496793	29518	87851	696984	10721480
leaf_base.stage2.V7_DS_B_3	11730340	114999	50758	628580	37835	116415	828374	13507301
leaf_base.stage2.V5_DS_B_3	20047963	187415	72688	1108614	84841	196434	1592260	23290215
embryo_16dap_DS_B_3	10312956	83623	33563	660495	52079	68326	1001437	12212479
endosperm_16dap_DS_B_2	7773104	164572	110172	498520	46749	69902	835422	9498441
leaf_8.V9_DS_B_1	15180462	117953	61170	811796	43972	111512	1204029	17530894
endosperm_14dap_DS_B_2	10232615	100064	43630	419726	33342	75881	712212	11617470
endosperm_14dap_DS_B_3	10070551	139213	85621	453154	35899	77847	753363	11615648
embryo_20dap_DS_B_2	12093341	132464	60907	603855	38843	111724	967948	14009082
embryo_20dap_DS_B_1	12883659	139351	61510	680565	43058	112183	1036671	14956997
leaf_base.stage2.V7_DS_B_2	17173329	165722	74084	882956	55119	166852	1201907	19719969
embryo_18dap_DS_B_3	11297126	109463	42513	611168	76764	92575	1423801	13653410
endosperm_14dap_DS_B_1	12037874	153672	89421	517094	44999	112309	953179	13908548
coleoptile_6das_DS_B_1	14209408	133087	55054	671369	62384	122969	1242822	16497093
endosperm_16dap_DS_B_3	12145679	153604	94272	658569	45484	87776	943699	14129083
leaf_immature.V9_DS_B_3	8433795	79127	31386	565086	30295	75401	544812	9759902
endosperm_18dap_DS_B_3	9684213	430942	279719	615199	47426	134400	1099279	12291178
leaf_0dap_DS_B_1	6098716	65053	31843	335286	26432	58048	400863	7016241
embryo_22dap_DS_B_2	15699359	189114	85539	846090	51379	146885	1213590	18231956
endosperm_24dap_DS_B_3	8716689	817908	423638	686878	53577	184163	1294655	12177508
endosperm_12dap_DS_B_3	13267334	122197	38333	547812	43376	99245	947047	15065344
leaf_immature.V9_DS_B_1	8968472	81185	31971	595721	34700	76321	603389	10391759
embryo_18dap_DS_B_1	16264752	137364	56288	925903	60280	126399	1384001	18954987
leaf_0dap_DS_B_1	8115066	92754	45917	458018	39362	82921	554182	9388220
leaf_immature.V9_DS_B_2	11897049	104020	41034	802277	43155	98141	778723	13764399
endosperm_22dap_DS_B_1	10889051	916537	525239	931682	67834	220178	1553695	15104216
endosperm_24dap_DS_B_2	11416782	1119518	627230	990903	72032	249170	1777309	16252944
leaf_12dap_DS_B_2	8392679	96010	49185	482062	48077	100408	605036	9773457
internode_fourth.V9_DS_B_3	13335186	122987	60182	683522	37058	130781	947084	15316800
internode_first.V5_DS_B_1	12569140	127834	68259	699332	45860	125964	1028903	14665292
endosperm_22dap_DS_B_2	10242022	936275	509203	854353	73247	224593	1567911	14407604
internode_fourth.V9_DS_B_1	14993823	135027	63990	769484	45897	144727	1132231	17285179
embryo_24dap_DS_B_2	18274733	225489	102468	1057448	58986	166594	1357859	21243577
leaf_24dap_DS_B_2	8712201	85471	43861	456618	31002	71825	470444	9871422
endosperm_24dap_DS_B_1	10937611	995568	571189	960511	77222	222977	1707235	15472313
leaf_18dap_DS_B_1	10609377	118446	64987	633773	70054	131620	833341	12461598
embryo_22dap_DS_B_3	20939330	227033	105572	1092247	52274	196416	1421978	24034850
leaf_18dap_DS_B_2	10327749	110577	62362	599724	52817	107792	728452	11989473
internode_first.V5_DS_B_2	14159407	152231	77612	805474	95620	142178	1757583	17190105
tassel_meiotic.V18_DS_B_2	9099531	116733	54842	567161	34238	95112	640998	10608615
cob_immature.V18_DS_B_1	13055536	168258	84280	682020	76753	153081	1439260	15659188
embryo_24dap_DS_B_3	21633277	253962	101617	1266927	70506	191275	1646267	25163831
stem_shoot.apex_GL_M0080_1	25452465	263866	104909	1355952	11538	38350	503910	27730990
internode_first.V5_DS_B_3	16120910	166297	90447	935669	67735	158349	1377803	18917210
endosperm_22dap_DS_B_3	13813839	1423721	794455	1204353	96566	330994	2268737	19932665
internode_fourth.V9_DS_B_2	15125420	142212	67832	762042	44932	149220	1119057	17410715
tassel_immature.V13_DS_B_2	16640144	193955	86559	888392	63816	175349	1340476	19388691
leaf_6dap_DS_B_1	12305495	148259	69537	756438	64506	136286	866900	14347421
tassel_immature.V13_DS_B_3	18084739	203332	92353	967079	50384	187721	1184092	20769700
leaf_24dap_DS_B_1	11021713	123569	49095	686298	127101	222587	1350117	13580480
cob_immature.V18_DS_B_2	20596506	257053	122498	1055260	61297	230729	1435359	23758702
cob_immature.V18_DS_B_3	20326595	251504	116969	1064543	73185	216216	1607505	23656517
stem_shoot.apex_GL_M0062_1	16420810	159644	65570	849547	6313	21402	319668	17842954
tassel_meiotic.V18_DS_B_3	15744121	205862	89023	1001546	59999	157496	1114780	18372827
endosperm_20dap_DS_B_2	11154294	989712	537221	944611	277353	236074	4522009	18661274
leaf_6dap_DS_B_2	16323183	221334	94906	950943	93318	177791	1193513	19054988
tassel_immature.V13_DS_B_1	24029638	258345	114859	1279015	75033	245856	1749717	27752463
stem_shoot.apex_GL_M0061_2	22219904	217144	93077	1136373	9118	30107	438302	24144025
endosperm_18dap_DS_B_2	22331878	1130929	800403	1470401	124164	365800	2844094	29067669
stem_shoot.apex_GL_M0066_1	20926700	226484	110097	1158296	11001	30527	397595	22860700
endosperm_20dap_DS_B_3	19446562	1623482	922953	1589941	163296	400069	3492317	27638620
stem_shoot.apex_GL_M0067_2	20503229	214277	83102	1050955	9521	30616	421578	22313278
endosperm_18dap_DS_B_1	23927703	1034259	715328	1507560	146759	351395	3082122	30765126
stem_shoot.apex_GL_M0099_2	19459023	206421	87345	1013687	8299	30899	385007	21190681
stem_shoot.apex_GL_M0141_2	29026344	286695	128088	1480397	13549	43502	579747	31558322
stem_shoot.apex_GL_M0074_1	22692363	252881	109401	1180836	10668	31773	446519	24724441
stem_shoot.apex_GL_M0075_2	20841809	212533	92276	1063787	10266	31463	415496	22667630
leaf_30dap_DS_B_2	23443924	227815	119260	1340089	85971	218709	1363267	26799035
stem_shoot.apex_GL_M0079_2	21908589	227149	98846	1139199	9444	31971	430787	23845985
stem_shoot.apex_GL_M0116_1	21438490	197077	82351	1085902	8374	33771	441108	23287073
embryo_18dap_DS_B_2	27706509	275265	113123	1456449	208212	231230	3775072	33765860
stem_shoot.apex_GL_M0063_2	26601560	277166	107944	1395807	11324	36411	529648	28959860
stem_shoot.apex_GL_M0099_1	22671851	233871	102991	1142835	63161	236770	1701963	26153442
seed_pericarp.18dap_DS_B_2	18859980	333460	121380	1247103	82981	171439	1622026	22438369
stem_shoot.apex_GL_M0165_1	26273218	269055	110535	1377652	11549	36166	525781	28603956
stem_shoot.apex_GL_M0080_2	29530475	297656	122965	1514862	81661	298072	2218247	34063938
stem_shoot.apex_GL_M0062_2	19237915	181225	77422	954601	45875	168279	1315764	21981081
stem_shoot.apex_GL_M0176_1	25048947	264809	105609	1336690	12111	36286	486135	27290587
leaf_30dap_DS_B_1	22658419	230248	121794	1302424	89659	215357	1336273	25954174
endosperm_20dap_DS_B_1	15572787	1257588	669435	1335928	414285	294574	6719831	26264428
stem_shoot.apex_GL_M0077_2	21921146	258597	104269	1092853	67784	208323	1525172	25178144
stem_shoot.apex_GL_M0141_1	33774596	327174	151301	1670460	98985	340888	2609244	38972648
stem_shoot.apex_GL_M0066_2	24509387	260130	130724	1315246	73469	237961	1837924	28364841
stem_shoot.apex_GL_M0067_1	24234251	246760	99079	1194474	67099	227681	1818740	27888084
stem_shoot.apex_GL_M0165_2	26424879	266422	114819	1354446	74720	262584	1984089	30481959
stem_shoot.apex_GL_M0075_1	24523384	243932	108217	1201294	65479	235948	1720598	28098852
stem_shoot.apex_GL_M0074_2	26615153	284866	128968	1325494	66897	241394	1756291	30419063
stem_shoot.apex_GL_M0116_2	25271994	228692	99611	1233733	65788	240393	1923917	29064128
stem_shoot.apex_GL_M0079_1	25710248	260838	116122	1284024	71245	246389	1741071	29429937
stem_shoot.apex_GL_M0329_2	31475000	313604	138950	1678662	93004	326025	2393957	36419202
stem_shoot.apex_GL_M0063_1	31220333	315733	127942	1574568	84152	276029	2110830	35709587
endosperm_12dap_DS_B_2	46351268	434876	141570	1938081	189825	348621	3803461	53207702
leaf_12dap_DS_B_1	45730086	482538	278631	2551685	223503	472554	2901888	52640885
stem_shoot.apex_GL_M0200_2	14891425	149852	57228	780534	6367	20069	289511	16194986
endosperm_12dap_DS_B_1	54026734	499102	162417	2183941	190147	389926	3885636	61337903
stem_shoot.apex_GL_M0200_1	17206096	170553	66921	873770	51615	160957	1274081	19803993
stem_shoot.apex_GL_M0232_1	20898577	222483	91353	1115218	9231	31537	401385	22769784
stem_shoot.apex_GL_M0264_2	19354541	215906	94115	1008132	8897	29241	378819	21089651
stem_shoot.apex_GL_M0248_2	21728254	235219	94074	1122836	10927	31954	425079	23648343
stem_shoot.apex_GL_M0262_1	21990896	236661	93822	1120914	10571	30120	439490	23922474
stem_shoot.apex_GL_M0265_1	21497701	205706	98802	1160250	9627	32898	429414	23434398
stem_shoot.apex_GL_M0266_2	18391804	213526	82888	953858	8566	25769	370131	20046542
stem_shoot.apex_GL_M0267_1	18452845	232937	89524	969031	10086	27963	373076	20155462
stem_shoot.apex_GL_M0176_2	29085411	299453	123453	1505596	87867	305577	2258820	33666177
stem_shoot.apex_GL_M0248_1	25200293	266078	112114	1266353	89098	252125	2145568	29331629
stem_shoot.apex_GL_M0264_1	22665954	247272	111180	1136395	67383	221343	1620166	26069693
stem_shoot.apex_GL_M0266_1	21538244	240600	97784	1075000	71677	203518	1695809	24922632
stem_shoot.apex_GL_M0270_1	24359839	255004	105179	1289515	11864	37279	480790	26539470
stem_shoot.apex_GL_M0262_2	25794868	267418	110110	1262990	75526	224962	1779581	29515455
stem_shoot.apex_GL_M0232_2	24246366	251208	105900	1245153	63961	239722	1722717	27875027
stem_shoot.apex_GL_M0265_2	25203315	236069	116599	1310691	64127	245529	1821471	28997801
stem_shoot.apex_GL_M0281_2	12817790	137746	55933	647290	7079	18362	251829	13936029
stem_shoot.apex_GL_M0269_2	25549931	282338	111676	1353392	12232	36053	516756	27862378
stem_shoot.apex_GL_M0276_2	18861500	202130	84188	965817	8646	29017	386042	20537340
stem_shoot.apex_GL_M0267_2	21632376	260616	104502	1087877	67091	196934	1453989	24803385
stem_shoot.apex_GL_M0275_1	23248610	264588	101338	1268788	9824	31118	465338	25389604
stem_shoot.apex_GL_M0272_2	24414619	277957	111994	1261692	11232	36225	498738	26612457
stem_shoot.apex_GL_M0278_1	20548288	245820	92226	1075776	11092	30782	402005	22405989
stem_shoot.apex_GL_M0281_1	14996689	156470	65768	726523	42065	139715	999215	17126445
stem_shoot.apex_GL_M0270_2	28282741	289371	124178	1449430	92826	282989	2146040	32667575
stem_shoot.apex_GL_M0288_1	19765991	232722	105790	1085488	9912	30753	386238	21616894
stem_shoot.apex_GL_M0284_1	24058240	233980	104252	1288667	11247	37867	470703	26204956
stem_shoot.apex_GL_M0269_1	29910719	319821	132294	1521169	88803	259626	2022704	34255136
stem_shoot.apex_GL_M0276_1	22128456	231439	100294	1094446	73673	216742	1863461	25708511
stem_shoot.apex_GL_M0287_2	24621792	258068	106813	1357748	10270	37387	481838	26873916
stem_shoot.apex_GL_M0278_2	23796629	276687	108000	1204624	85290	250662	1780087	27501979
stem_shoot.apex_GL_M0275_2	26959327	298852	119927	1425736	87345	254899	2078661	31224747
stem_shoot.apex_GL_M0272_1	28678983	317466	131853	1426860	82397	291906	2106017	33035482
stem_shoot.apex_GL_M0296_1	19239552	210270	86720	1003553	9009	30343	384228	20963675
stem_shoot.apex_GL_M0378_2	13912201	141311	53830	722108	5375	21112	262494	15118431
stem_shoot.apex_GL_M0289_2	23093522	234687	91310	1185956	8847	34064	457660	25106046
stem_shoot.apex_GL_M0297_2	20489838	223050	90632	1069393	9297	30314	416154	22328678
stem_shoot.apex_GL_M0298_1	22043128	252646	100209	1187243	10661	30542	449562	24073991
stem_shoot.apex_GL_M0288_2	22971304	264239	124191	1218623	71384	228862	1692337	26570940
stem_shoot.apex_GL_M0289_1	26840607	264760	108374	1331627	73036	265609	1969107	30853120
stem_shoot.apex_GL_M0284_2	28164717	270891	124081	1457024	75307	296476	2064597	32453093
stem_shoot.apex_GL_M0287_1	28788762	295383	125894	1527634	83314	277762	2126139	33224888
stem_shoot.apex_GL_M0296_2	22410287	240248	103094	1134388	69770	226858	1757354	25941999
stem_shoot.apex_GL_M0317_2	11496371	133712	49980	603716	6933	15815	252689	12559216
stem_shoot.apex_GL_M0310_1	22433905	222565	100982	1165293	10791	34420	437629	24405585
stem_shoot.apex_GL_M0311_2	22872791	244122	102641	1218425	9769	32111	430987	24910846
stem_shoot.apex_GL_M0297_1	24080212	255920	107392	1208588	68120	230212	1759497	27709941
stem_shoot.apex_GL_M0303_2	26879792	276293	113242	1455570	13384	37406	531888	29307575
stem_shoot.apex_GL_M0315_1	20471635	253500	87462	1105165	11313	30100	411347	22370522
stem_shoot.apex_GL_M0298_2	25836268	285948	120139	1340268	92868	244497	2310870	30230858
stem_shoot.apex_GL_M0303_1	31210290	313916	132972	1633719	92414	317028	2312742	36013081
stem_shoot.apex_GL_M0325_1	20813339	187681	76032	1108351	7653	31188	406719	22630963
stem_shoot.apex_GL_M0323_2	22626394	242673	96619	1170455	10550	34131	451254	24632076
stem_shoot.apex_GL_M0322_1	26668713	282181	119564	1425236	11781	39700	516731	29063906
stem_shoot.apex_GL_M0317_1	13487675	160240	63666	702880	159861	132483	2891950	17598755
stem_shoot.apex_GL_M0311_1	26606026	277696	120811	1373134	82191	252205	1961780	30673843
stem_shoot.apex_GL_M0326_2	22754927	241532	103658	1212864	10246	35307	447381	24805915
stem_shoot.apex_GL_M0310_2	26146384	253427	119130	1313636	77145	264832	2012415	30186969
stem_shoot.apex_GL_M0315_2	23817576	294276	105933	1258283	167818	227817	3178623	29050326
stem_shoot.apex_GL_M0325_2	24209617	217387	89945	1246608	63030	237628	1802213	27866428
stem_shoot.apex_GL_M0323_1	26445307	276613	115243	1324568	90405	274186	2114783	30641105
stem_shoot.apex_GL_M0328_1	24332012	264134	107464	1270372	11484	36126	479195	26500787
stem_shoot.apex_GL_M0326_1	26516694	275372	121488	1369293	87253	270517	2080077	30720694
stem_shoot.apex_GL_M0337_1	15508156	158497	69791	801303	46450	155772	1208990	17948959
stem_shoot.apex_GL_M0322_2	31061188	321525	139873	1606875	96204	326399	2410629	35962693
stem_shoot.apex_GL_M0329_1	27031818	275432	118260	1487858	12381	41490	532080	29499319
stem_shoot.apex_GL_M0328_2	28338194	299699	125890	1432416	91996	279650	2106758	32674603
stem_shoot.apex_GL_M0337_2	13418539	138484	58751	710486	6117	18865	248156	14599398
stem_shoot.apex_GL_M0341_1	20883393	211676	84576	1083781	8201	29376	408918	22709921
stem_shoot.apex_GL_M0344_2	21119915	207534	85315	1057620	10143	31307	423748	22935582
stem_shoot.apex_GL_M0346_2	22025982	214210	99885	1157376	9876	33886	431887	23973102
stem_shoot.apex_GL_M0349_1	20025824	202501	85060	1063569	8320	31073	397062	21813409
stem_shoot.apex_GL_M0345_1	24375182	279010	113689	1319874	12494	34747	462030	26597026
stem_shoot.apex_GL_M0341_2	24311672	241197	99094	1218704	68587	219627	1795268	27954149
stem_shoot.apex_GL_M0344_1	24563782	235459	100986	1190136	75713	242684	1996508	28405268
stem_shoot.apex_GL_M0349_2	23356261	228759	100819	1196984	63318	237172	1698447	26881760
stem_shoot.apex_GL_M0346_1	25600921	243050	117687	1305766	75553	272680	2054362	29670019
stem_shoot.apex_GL_M0345_2	28270498	313177	132232	1477866	84594	279018	2044366	32601751
stem_shoot.apex_GL_M0354_1	21529604	228972	101619	1164661	9113	33530	419868	23487367
stem_shoot.apex_GL_M0352_2	22637981	218966	98568	1207336	9946	30596	442012	24645405
stem_shoot.apex_GL_M0352_1	26190524	246101	113837	1347944	66018	250548	1857933	30072905
stem_shoot.apex_GL_M0379_1	24910140	238764	96991	1310187	9181	35648	510921	27111832
stem_shoot.apex_GL_M0354_2	25029464	259990	118726	1305187	73931	262618	1868304	28918220
stem_shoot.apex_GL_M0355_1	22624124	232453	103803	1162525	62317	228203	1648209	26061634
stem_shoot.apex_GL_M0355_2	19462039	205333	88051	1035498	7838	29297	372476	21200532
stem_shoot.apex_GL_M0357_1	22418631	213616	95816	1174758	9378	32269	437095	24381563
stem_shoot.apex_GL_M0360_2	21499243	217811	95004	1180574	9106	31005	418687	23451430
stem_shoot.apex_GL_M0364_1	20090830	236821	84962	1045504	13234	28155	442051	21941557
stem_shoot.apex_GL_M0357_2	26081776	243332	112880	1318973	66504	254891	1891210	29969566
stem_shoot.apex_GL_M0360_1	24986692	249293	112379	1325262	75187	252180	1872429	28873422
stem_shoot.apex_GL_M0365_2	27618578	310833	127918	1496322	13063	43364	534834	30144912
stem_shoot.apex_GL_M0367_1	26561654	288630	109836	1391720	12765	39467	526295	28930367
stem_shoot.apex_GL_M0369_1	16158209	155721	64735	894990	6592	24540	308098	17612885
stem_shoot.apex_GL_M0368_2	23778299	227935	96209	1237137	8962	33719	495542	25877803
stem_shoot.apex_GL_M0365_1	32096756	352407	149162	1675658	94791	318037	2295108	36981919
stem_shoot.apex_GL_M0364_2	23580389	276889	105980	1208965	166047	224820	3815124	29378214
stem_shoot.apex_GL_M0378_1	16094896	160168	63309	811711	46802	156272	1206945	18540103
stem_shoot.apex_GL_M0369_2	18789863	179146	76533	1006593	48826	190575	1344586	21636122
stem_shoot.apex_GL_M0368_1	28054213	263576	116353	1405342	75178	249575	2032663	32196900
stem_shoot.apex_GL_M0382_2	21280239	209518	91473	1127743	8395	31504	416561	23165433
stem_shoot.apex_GL_M0382_1	24809530	237511	108408	1267822	66737	243955	1787029	28520992
stem_shoot.apex_GL_M0383_1	21493273	202855	86754	1101067	8513	31271	436260	23359993
stem_shoot.apex_GL_M0001_2	19262949	179971	83584	1021920	8034	29063	381872	20967393
stem_shoot.apex_GL_M0384_2	23180095	263681	96007	1214704	11617	32072	453361	25251537
stem_shoot.apex_GL_M0379_2	29058161	271563	114068	1473621	72688	282482	2135375	33407958
stem_shoot.apex_GL_M0383_2	25328980	234371	102011	1251533	67715	225966	1824394	29034970
stem_shoot.apex_GL_M0384_1	27044983	298719	113687	1367692	88608	261164	2016462	31191315
stem_shoot.apex_GL_M0005_1	22019035	227630	97760	1164679	11390	30700	436192	23987386
stem_shoot.apex_GL_M0007_2	23329794	230090	90981	1213372	10697	33848	471450	25380232
stem_shoot.apex_GL_M0001_1	22575921	205871	98831	1147310	56409	222273	1580274	25886889
stem_shoot.apex_GL_M0010_2	21120480	221932	94288	1110124	10698	32711	429272	23019505
stem_shoot.apex_GL_M0005_2	25759434	260816	115744	1312448	75902	241905	1841648	29607897
leaf_pooled.V1_DS_B_1	1087910	10627	5036	54475	5986	11941	96415	1272390
stem_shoot.apex_GL_M0012_1	20756808	202440	86123	1070436	8179	30767	423182	22577935
leaf_pooled.V1_DS_B_2	830973	7988	3790	41455	4437	8627	71696	968966
tassel_meiotic.V18_DS_B_1	5108595	64365	28736	327237	19429	48909	356333	5953604
leaf_pooled.V1_DS_B_3	492185	5100	2508	24801	4539	7703	57417	594253
stem_shoot.apex_GL_M0008_2	29574756	296372	124887	1529361	11571	43928	610126	32191001
stem_shoot.apex_GL_M0007_1	27354337	262893	106586	1370020	70996	258969	1901327	31325128
embryo_24dap_DS_B_1	19174830	218148	94954	1143617	67573	174008	1497085	22370215
stem_shoot.apex_GL_M0010_1	24747362	252935	110705	1250682	72596	243633	1820483	28498396
embryo_20dap_DS_B_3	14720013	156485	73290	742961	48081	138590	1191216	17070636
stem_shoot.apex_GL_M0014_2	20183872	222959	93644	1052761	8602	31447	403004	21996289
seed_pericarp.18dap_DS_B_3	17969311	278251	86862	1180674	78094	151392	1588110	21332694
stem_shoot.apex_GL_M0014_1	23747673	254219	111655	1196438	71702	227162	1751282	27360131
root_primary.4dpe_DS_B_3	9026741	94928	46089	503063	34232	88226	749768	10543047
root_primary.4dpe_DS_B_2	9047687	95147	45005	499529	32694	87804	713705	10521571
root_primary.4dpe_DS_B_1	11052917	121454	60626	611689	45026	115810	937702	12945224
stem_shoot.apex_GL_M0008_1	34650524	339769	149072	1720109	92604	334060	2486769	39772907
shoot_tip.V5_DS_B_2	7896456	76707	37101	439195	78516	75354	1272538	9875867
stem_SAM.V1_DS_B_1	2144786	19253	8028	111772	7541	18459	167249	2477088
shoot_tip.V5_DS_B_3	8628464	78426	37134	460980	23692	79624	605781	9914101
stem_shoot.apex_GL_M0012_2	24346890	231402	102107	1208236	63631	225713	1749637	27927616
cob_pre.pollination.R1_DS_B_2	18276624	179039	98365	974534	50928	178933	1237799	20996222
leaf_13.R2_DS_B_3	2387658	15524	9205	118522	6859	15776	152327	2705871
shoot_tip.V5_DS_B_1	15786593	143161	69311	849182	52110	145914	1226908	18273179
cob_pre.pollination.R1_DS_B_1	24967485	245964	133760	1331672	72850	240353	1680192	28672276
leaf_13.R2_DS_B_1	7686804	61254	34731	406625	29497	61689	555701	8836301
brace.root_node6.V13_DS_B_2	1906335	16185	8101	79794	3976	16737	242232	2273360
silk_R1_DS_B_1	13176803	184742	58544	728749	62244	114360	1208620	15534062
leaf_13.R2_DS_B_2	9375815	72617	42264	498015	32332	72478	642497	10736018
leaf_13.V9_DS_B_3	5898879	53035	22512	357198	20792	47607	407203	6807226
leaf_13.VT_DS_B_2	5355445	44324	25503	291511	22904	48169	398068	6185924
leaf_13.V9_DS_B_2	6711555	57683	25904	400913	23769	58176	475545	7753545
leaf_13.V9_DS_B_1	9143874	80763	36505	539284	51043	84476	909717	10845662
leaf_13.VT_DS_B_1	4097513	49637	26757	242372	61733	95936	723124	5297072
silk_R1_DS_B_2	15235569	180648	66034	839372	42490	127533	1002896	17494542
stem_SAM.V1_DS_B_3	13485105	119129	48466	713667	54234	112891	1216097	15749589
cob_pre.pollination.R1_DS_B_3	24339251	226999	120164	1293134	73918	230431	1801313	28085210
leaf_13.VT_DS_B_3	6754882	72099	37664	387041	98565	155540	1146785	8652576
stem_SAM.V1_DS_B_2	19956923	185760	74837	1050594	89107	171360	1879807	23408388
leaf_topmost.V3_DS_B_3	11028658	105067	49850	539452	73245	127585	1048625	12972482
seed_10dap_DS_B_1	9700694	114100	36416	538409	29073	80666	574392	11073750
seed_12dap_DS_B_2	7793273	89101	26969	375258	29560	65312	566862	8946335
brace.root_node6.V13_DS_B_3	10298071	90238	38660	453000	23964	88921	1315983	12308837
seed_12dap_DS_B_1	11761022	127369	39327	544346	42732	98580	861358	13474734
seed_10dap_DS_B_3	13600315	153142	53237	734489	41371	124837	850988	15558379
seed_10dap_DS_B_2	14702317	160220	55868	785358	38509	134167	862420	16738859
brace.root_node6.V13_DS_B_1	18705083	170610	79270	787680	45293	177462	2590150	22555548
leaf_topmost.V3_DS_B_1	15988477	161366	71774	809520	141550	242921	1840800	19256408
leaf_tip.stage2.V5_DS_B_2	19979533	215747	102280	1049697	131884	242561	1776877	23498579
leaf_tip.stage2.V5_DS_B_3	20794080	232483	106348	1095477	164514	274144	2005081	24672127
leaf_topmost.V3_DS_B_2	19595818	184881	84862	1004388	177687	278658	2205662	23531956
seed_12dap_DS_B_3	13379855	158985	53495	637726	61374	120473	1106697	15518605
seed_18dap_DS_B_1	5158451	203781	128487	315446	28588	67581	585122	6487456
seed_16dap_DS_B_1	7921893	185249	114347	403967	30877	76352	643962	9376647
seed_16dap_DS_B_3	7789317	123280	75812	373689	26920	64247	549149	9002414
seed_14dap_DS_B_3	10474007	146969	82170	493361	37752	98357	805636	12138252
seed_14dap_DS_B_2	14725819	156556	59408	703334	53875	120668	1140764	16960424
seed_16dap_DS_B_2	8162229	181800	121138	414387	74147	85814	1200556	10240071
crown.root_node4.V7_DS_B_2	3280088	28622	12900	164974	8584	28856	503924	4027948
leaf_tip.stage2.V5_DS_B_1	30329410	330468	153937	1572306	206345	384776	2888173	35865415
silk_R1_DS_B_3	45389953	592849	188360	2520148	124887	375741	2990269	52182207
seed_24dap_DS_B_2	23737486	1848517	1100458	1824889	137647	486527	3352693	32488217
seed_18dap_DS_B_3	12613395	462093	287071	741066	61199	161138	1290590	15616552
seed_2dap_DS_B_1	10304900	113414	51118	596895	47519	103857	937789	12155492
seed_18dap_DS_B_1	13747765	488729	327495	815474	68167	179396	1435087	17062113
seed_6dap_DS_B_1	12260530	142041	62595	746913	45548	133884	928807	14320318
seed_2dap_DS_B_3	15689484	158750	67562	897086	39813	142260	961742	17956697
seed_4dap_DS_B_3	15129852	147190	79464	859755	48173	151564	1066167	17482165
seed_20dap_DS_B_3	14844982	1014407	582256	1094358	136332	276953	2649508	20598796
seed_2dap_DS_B_2	17676627	174242	81463	1003643	50627	177547	1228546	20392695
seed_20dap_DS_B_1	18244574	1083481	642866	1345492	112298	312193	2468622	24209526
seed_22dap_DS_B_1	15213037	1052542	618806	1168824	99493	285202	2224627	20662531
ear_primordium.6mm_DW_B_3	12298470	163992	78912	721201	37297	133563	736507	14169942
seed_4dap_DS_B_1	16881401	158950	83630	959009	63188	166622	1363573	19676373
seed_6dap_DS_B_3	16154231	170150	75768	969894	53900	165350	1174504	18763797
seed_8dap_DS_B_3	17183401	187462	80726	1013451	60129	176023	1226684	19927876
seed_6dap_DS_B_2	17849957	190614	83792	1066733	58691	184748	1288659	20723194
seed_8dap_DS_B_2	11581074	136683	55798	728777	149827	121820	2321700	15095679
seed_24dap_DS_B_3	17597336	1326996	813657	1326080	108950	365672	2420172	23958863
seed_22dap_DS_B_3	16832846	1248388	740301	1226450	122927	352253	2472970	22996135
ear_primordium.2mm_DW_B_1	20265828	229642	106649	1115307	50596	196226	1190950	23155198
ear_primordium.6mm_DW_B_2	19537430	261720	131030	1144437	58567	208948	1152884	22495016
crown.root_node4.V7_DS_B_1	12512925	107360	50136	594464	37429	119679	2448784	15870777
embryo_38d_DW_B_1	13842018	189737	72333	1061420	80648	118589	1311382	16676127
ear_primordium.2mm_DW_B_3	23314655	300805	148640	1335193	122128	237673	2148023	27607117
seed_8dap_DS_B_1	20244281	209629	88022	1188151	78520	201294	1595576	23605473
embryo_38d_DW_B_2	13475566	157008	56952	1055111	112044	95837	1809670	16762188
embryo_38d_DW_B_3	17727597	222980	74981	1291913	58738	129237	1040456	20545902
ear_primordium.6mm_DW_B_1	21978966	288457	147629	1282326	67206	231835	1338453	25334872
crown.root_node4.V7_DS_B_3	3534485	31450	15758	172794	8682	34000	466887	4264056
ear_primordium.2mm_DW_B_2	20674165	234602	112027	1118803	140569	197018	2440739	24917923
seed_22dap_DS_B_2	19963462	1323532	730729	1448659	178698	352536	3347308	27344924
embryo_20d_DW_B_1	27312660	267705	115392	1917051	78047	203417	1727562	31621834
seed_24dap_DS_B_1	25826370	1793995	1058582	1964982	147055	464286	3385017	34640287
embryo_20d_DW_B_2	27560943	331812	135275	1960737	94196	243434	1792575	32118972
spikelet_female_DW_B_1	6657659	64187	8985	602278	22783	30574	445341	7831807
embryo_20d_DW_B_3	27803961	310852	138180	1928587	95162	233688	1873252	32383682
endosperm_crown_DW_B_2	11363761	1265530	829211	1057242	147857	205712	3759854	18629167
crown.root_node5.V13_DS_B_1	6075625	62133	28221	292662	26581	66072	1694733	8246027
endosperm_crown_DW_B_1	9852297	985763	745671	910513	115719	155185	3138567	15903715
endosperm_12d_DW_B_2	27243052	282985	130456	1405736	141718	170411	2230668	31605026
seed_20dap_DS_B_2	17006140	1578806	951692	1502963	502322	386502	8761956	30690381
endosperm_12d_DW_B_1	27940296	298740	93460	1405216	144806	192774	2225706	32300998
endosperm_12d_DW_B_3	28541923	346572	99052	1586348	150630	190000	2091811	33006336
endosperm_crown_DW_B_3	15771322	1609462	1302287	1545754	137665	268049	4374908	25009447
seed_4dap_DS_B_2	54634185	520138	279159	2985545	177827	533680	4094356	63224890
germinating.kernels_2d_DW_B_1	16653515	246362	113388	1048337	100417	167506	1571841	19901366
spikelet_female_DW_B_2	9214118	80213	18077	855736	330122	53711	4784647	15336624
crown.root_node5.V13_DS_B_2	6927953	61362	28783	339854	19625	63753	1047583	8488913
leaf_growth.zone_DW_B_1	17405485	352466	185928	1364513	182252	248630	2349701	22088975
germinating.kernels_2d_DW_B_2	16276557	168422	60697	961749	116182	119365	1967552	19670524
root_secondary_DW_B_1	19912074	129193	33861	1129653	34586	98882	1161664	22499913
leaf_growth.zone_DW_B_2	20041456	224078	100001	1232482	94746	188132	1632902	23513797
root_secondary_DW_B_2	21370160	133768	32054	1214484	30733	101507	1173833	24056539
leaf_growth.zone_DW_B_3	13368118	151725	65708	811164	59729	127495	1052823	15636762
spikelet_female_DW_B_3	12438993	142940	27974	1039981	430300	75117	6307358	20462663
root_secondary_DW_B_3	19878097	138221	41522	1137878	221327	102188	3926189	25445422
internode_6to7_DW_B_2	17202523	125820	40136	1175938	229331	103251	3575564	22452563
germinating.kernels_2d_DW_B_3	31825925	399440	162898	1868670	306684	278795	4864213	39706625
internode_6to7_DW_B_3	20619776	141411	48509	1349081	108060	118123	2112600	24497560
internode_7to8_DW_B_1	17684739	123411	37472	1197508	168666	100780	2960901	22273477
internode_6to7_DW_B_1	16873686	124142	45347	1042833	231767	107205	3737212	22162192
internode_7to8_DW_B_2	14863928	117983	36985	1029524	261826	91545	4148154	20549945
crown.root_node5.V13_DS_B_3	26079839	214990	99619	1206301	59081	217054	3470907	31347791
crown.root_node5.V7_DS_B_1	28472585	291439	131599	1600508	94022	295701	4355107	35240961
crown.root_nodes1to3.V7_DS_B_3	2862405	27220	12380	150527	8456	27498	481622	3570108
root_primary.Z1.7das_DS_B_1	3768550	33445	17056	157483	8442	36586	481397	4502959
root_primary.3das_DS_B_1	5354131	39445	20524	228386	10479	43582	621370	6317917
root_dz.3das_DS_B_2	2350047	22951	10264	146146	6448	20899	317166	2873921
internode_0dap_DS_B_1	5704467	68039	34639	311285	21445	71999	989194	7201068
root_primary.3das_DS_B_2	5502162	39193	20063	238113	10547	43255	652377	6505710
internode_6dap_DS_B_2	3703764	54015	23802	223955	28295	56338	991829	5081998
root_primary.7das_DS_B_2	5274701	46648	18022	256124	13129	42343	611281	6262248
root_primary.Z1.7das_DS_B_3	4695462	42271	19818	196558	10901	44972	625083	5635065
internode_12dap_DS_B_1	5941713	78173	31882	319268	30704	70067	1379369	7851176
stem_sam.V3_DS_B_3	4736342	43964	20627	215612	11341	46746	612053	5686685
internode_12dap_DS_B_2	8545163	83474	48338	435355	24268	98933	1145497	10381028
root_MZ.EZ.3das_DS_B_3	4749479	37780	17152	187427	9687	40505	672343	5714373
root_primary.GH.6das_DS_B_3	7027708	60939	30627	297416	17235	65321	913827	8413073
root_primary.GH.6das_DS_B_2	6964854	56826	27782	283171	15331	61630	871603	8281197
seed_pericarp.aleurone_DW_B_3	9180196	326864	248434	660591	88690	92503	1556099	12153377
internode_24dap_DS_B_1	9213232	93153	54432	462235	28822	115059	1337441	11304374
root_stele_DS_B_3	5784020	49814	27490	265624	13379	61325	690738	6892390
leaf_tip.stage2.V5_DS_B_3	5651247	51968	21904	219182	22417	54581	836712	6858011
silk_mature_DW_B_3	5985176	90499	9049	613019	54189	28739	810693	7591364
internode_30dap_DS_B_2	8567959	84906	43906	441639	26746	98779	1203116	10467051
root_seminal.7das_DS_B_1	6430088	48378	20310	295432	12579	48368	721225	7576380
crown.root_node5.V7_DS_B_2	8525941	68824	30806	426808	26395	73499	1575690	10727963
root_primary.Z2.7das_DS_B_1	7391103	70338	32265	343031	18778	71660	938187	8865362
leaf_tip.stage2.V5_DS_B_1	5890681	53673	21874	230903	22071	52856	805097	7077155
root_primary.GH.6das_DS_B_1	9727287	73866	41758	382642	19600	88443	1177370	11510966
root_primary.Z2.7das_DS_B_3	8502300	79617	37533	399167	22003	80959	1078411	10199990
root_cortex_DW_B_2	15594088	112095	63209	2020136	44392	68647	811653	18714220
root_primary.Z2.7das_DS_B_2	7909165	67878	30387	366657	18353	69110	985452	9447002
stem_sam.V3_DS_B_2	6632813	62901	28477	304398	17521	67056	982440	8095606
leaf_heat_SW_OB_1	6748096	66091	31456	426059	43488	160533	2099588	9575311
internode_24dap_DS_B_2	10920981	108333	61031	544518	31978	131654	1500734	13299229
internode_30dap_DS_B_1	9969470	99356	51399	512781	31674	120002	1493962	12278644
root_primary.7das_DS_B_3	9381105	79105	32523	440900	30154	79100	1535813	11578700
leaf_tip.stage2.V5_DS_B_2	6280562	53994	23347	249591	22173	51957	803962	7485586
stem_sam.V3_DS_B_1	7721063	72118	33863	360836	18898	76759	1015776	9299313
root_elongation.zone_DW_B_2	16767359	148157	54469	1338441	41205	88696	1102995	19541322
seed_pericarp.18dap_DS_B_1	6669156	97528	30609	348833	35428	70630	1780658	9032842
root_primary.Z3.7das_DS_B_3	9092826	88270	40977	426029	23913	90659	1154377	10917051
seed_pericarp.aleurone_DW_B_1	14614133	714813	425226	1117606	147272	166784	2666071	19851905
leaf_8_DW_B_3	14889816	388683	117512	1353557	286637	227700	2364801	19628706
root_cortex_DW_B_1	16059120	127303	72176	2182752	112564	74198	1807266	20435379
leaf_stomatal.zone_DW_B_2	17047983	226653	104868	1011646	75721	179773	1269505	19916149
root_meristem.zone_DW_B_3	18890961	180186	43916	1056224	45429	117118	1386623	21720457
seed_pericarp.aleurone_DW_B_2	14246215	670541	533353	1055323	126037	159101	2551681	19342251
leaf_cold_SW_B_3	9453601	74548	40467	456085	40148	214578	2355870	12635297
leaf_heat_SW_M_2	7959783	72878	30317	442322	49491	207724	2463233	11225748
root_primary.Z3.7das_DS_B_1	11698662	124495	56903	554119	34279	123639	1551707	14143804
stem_shoot.apex_GL_B_1	21209063	201101	91063	1180260	8623	27849	399612	23117571
leaf_8_DW_B_1	12177093	238159	55566	1179595	260335	164654	3788094	17863496
root_cortex_DW_B_3	3464341	36735	19691	476384	266163	19341	3725469	8008124
root_system.7das_DS_B_1	10096832	83993	36137	456915	22711	83137	1168644	11948369
root_primary.3das_DS_B_3	12862697	96690	48103	555657	25060	103046	1523257	15214510
pollen_mature_DW_B_2	21046628	404991	114403	2028601	175002	106247	2443876	26319748
leaf_cold_SW_OB_1	6638796	88445	27770	340562	50081	139805	2540570	9826029
root_stele_DS_B_1	9594527	83976	47199	423324	22280	106995	1155393	11433694
root_meristem.zone_DW_B_2	18422457	181046	42413	1043005	47473	114205	1367359	21217958
root_seminal.7das_DS_B_3	11108459	92134	42188	497105	25105	94586	1300281	13159858
root_MZ.EZ.3das_DS_B_2	11365255	92243	41701	463580	26555	97786	1607296	13694416
root_cp.3das_DS_B_3	11315688	94573	54129	510907	25904	96522	1366271	13463994
leaf_8_DW_B_2	17850406	467383	157906	1206214	378563	536853	3517489	24114814
crown.root_nodes1to3.V7_DS_B_1	14718945	128921	60749	749895	43812	139907	2707669	18549898
leaf_symmetrical.zone_DW_B_2	18715080	289642	141919	1137731	82589	229801	1385344	21982106
leaf_stomatal.zone_DW_B_1	16268307	319938	177577	1224983	163190	232617	2211173	20597785
leaf_control_SW_P_1	11442183	73424	34947	422606	42534	242813	3317935	15576442
root_MZ.EZ.3das_DS_B_1	11746608	84884	40828	461748	20182	97575	1434993	13886818
leaf_symmetrical.zone_DW_B_3	17872887	250520	122667	1079752	102723	204748	1733162	21366459
leaf_control_SW_B_1	14083434	82186	40208	517422	41670	276840	3581127	18622887
pollen_mature_DW_B_1	21221383	343086	92969	1751149	263758	92538	4006517	27771400
silk_mature_DW_B_1	19090214	640929	58960	1330944	190677	130201	2588291	24030216
leaf_heat_SW_B_2	12285522	100680	39241	522839	56347	270285	3683606	16958520
internode_18dap_DS_B_2	11294590	132669	74880	647805	57004	154467	2515445	14876860
root_system.7das_DS_B_3	11497868	97984	42346	522798	26948	100070	1528739	13816753
pollen_mature_DW_B_3	19902134	360745	106774	1838834	301417	97037	4426902	27033843
root_meristem.zone_DW_B_1	17532756	183751	49379	1028151	199538	113848	3330684	22438107
root_dz.3das_DS_B_1	11953987	73366	35592	581871	24465	79347	1519577	14268205
root_primary.Z4.7das_DS_B_1	12675810	151543	62957	714565	45423	131793	1638848	15420939
root_primary_DW_B_1	20228451	150766	50130	1202248	227087	103355	3794736	25756773
root_dz.3das_DS_B_3	11261548	84839	43473	484440	27180	90807	1544989	13537276
root_primary_DW_B_3	20150659	130614	46720	1262726	214196	95823	3700878	25601616
leaf_heat_SW_M_1	10170765	99061	41972	510137	63214	280523	3264749	14430421
root_cp.3das_DS_B_2	13346963	113972	63521	602095	30527	112172	1547403	15816653
leaf_cold_SW_M_2	10965137	76142	35777	494672	46378	246348	3275541	15139995
leaf_symmetrical.zone_DW_B_1	20863062	332279	171006	1288207	88662	260648	1451465	24455329
leaf_cold_SW_B_1	15750871	95379	44972	668657	47538	295828	3724306	20627551
leaf_heat_SW_P_1	10015282	113974	38457	475841	74555	264634	3499613	14482356
leaf_cold_SW_M_3	11388562	95202	46442	564608	57436	293347	3245092	15690689
root_stele_DS_B_2	13453628	120204	65411	629345	32472	143782	1637927	16082769
stem_shoot.apex_GL_M0015_1	20329436	200584	84767	1023298	8667	29281	403998	22080031
leaf_control_SW_M_3	12439467	76639	38447	466036	43620	329071	3450956	16844236
leaf_control_SW_M_2	12190560	84650	47213	517178	53307	310885	3459585	16663378
stem_shoot.apex_GL_M_2	20677560	212269	81757	1003546	10157	33725	447295	22466309
leaf_control_SW_B_3	9737874	77612	39075	408786	50233	244634	3889193	14447407
root_primary.Z4.7das_DS_B_3	13310623	143887	61782	756318	43688	130227	1735727	16182252
stem_shoot.apex_GL_M0022_1	20692410	201349	67398	1252170	7081	26883	405582	22652873
root_primary.Z4.7das_DS_B_2	14071711	151438	65013	770880	45768	136482	1862870	17104162
leaf_heat_SW_P_3	14645469	116991	49849	601946	72464	353249	4259458	20099426
stem_shoot.apex_GL_M0021_2	18524457	190656	85016	938709	9322	26031	363285	20137476
leaf_control_SW_P_2	12454870	76214	36449	474203	44699	293247	3519711	16899393
stem_shoot.apex_GL_M0023_2	18549871	215823	89973	967656	8594	28209	365305	20225431
root_cp.3das_DS_B_1	16210496	123585	70232	704301	34159	127446	1924595	19194814
leaf_control_SW_B_2	15317125	87833	41109	566153	45556	299015	4255672	20612463
stem_shoot.apex_GL_M0024_1	20190590	189166	89436	1061414	7924	28711	399197	21966438
root_elongation.zone_DW_B_1	16485799	162074	58207	1159751	340159	92488	4913113	23211591
leaf_control_SW_OB_1	9232039	73363	35249	365880	45713	205779	3372886	13330909
stem_shoot.apex_GL_M0025_2	19149080	196635	89337	1009058	8277	28372	365148	20845907
root_system.7das_DS_B_2	12384308	99645	37631	622338	35187	93795	1845720	15118624
root_elongation.zone_DW_B_3	12549457	128717	42338	873171	373637	74089	5576052	19617461
leaf_stomatal.zone_DW_B_3	13303834	285353	145888	1020313	248827	260088	2863080	18127383
stem_shoot.apex_GL_M0028_2	19520548	186143	85399	1010412	8506	27942	380730	21219680
leaf_control_SW_M_1	11701038	81833	40948	459880	54807	369745	3924141	16632392
stem_shoot.apex_GL_M0029_1	19775546	199152	79386	1044855	9326	28213	392765	21529243
leaf_heat_SW_B_1	14079277	128554	52704	601736	66294	365615	3937947	19232127
stem_shoot.apex_GL_M0026_1	23777558	256012	113297	1267544	10412	35489	460966	25921278
stem_shoot.apex_GL_M0039_2	18979664	205586	83690	972018	8113	28905	372805	20650781
internode_7to8_DW_B_3	18961338	118483	33596	1324648	253226	96578	4142962	24930831
stem_shoot.apex_GL_M0030_2	22029797	210738	93968	1155198	9579	32484	439010	23970774
stem_shoot.apex_GL_B_2	24548370	226103	105491	1314020	60979	226875	1728344	28210182
leaf_control_SW_P_3	15368130	98629	45181	559243	56243	327323	4582979	21037728
stem_shoot.apex_GL_M0040_1	17399386	185795	75026	890242	7091	25942	343648	18927130
stem_shoot.apex_GL_M0044_1	18445191	182213	82216	1028828	7746	27829	357242	20131265
leaf_cold_SW_P_1	15695983	129077	73383	667362	75448	404986	4292122	21338361
internode_6dap_DS_B_3	16345863	223615	105933	909515	67226	229578	2774552	20656282
stem_shoot.apex_GL_M0046_1	18444838	199524	83351	974502	8426	28036	361109	20099786
stem_shoot.apex_GL_M0031_1	24507724	229179	97355	1267536	7546	35840	504748	26649928
stem_shoot.apex_GL_M0034_2	15586054	138982	66953	823711	39004	145938	1076663	17877305
leaf_heat_SW_B_3	11910324	115568	47072	513261	69311	334937	4971753	17962226
silk_mature_DW_B_2	10093449	152646	26796	1114396	515474	126093	7001648	19030502
stem_shoot.apex_GL_M0034_1	25458016	230758	106556	1398564	11512	35713	492231	27733350
stem_shoot.apex_GL_M0021_1	21914216	216969	101255	1067830	60279	194478	1476248	25031275
stem_shoot.apex_GL_M0035_1	23006620	217423	84777	1088586	8532	31718	463515	24901171
leaf_heat_SW_M_3	14110026	105617	44456	616755	63446	345166	4373849	19659315
leaf_cold_SW_P_3	15864756	136985	67449	665598	75283	383562	4390083	21583716
stem_shoot.apex_GL_M0032_2	29120343	295768	116940	1479751	11846	44324	582787	31651759
stem_shoot.apex_GL_M0051_1	20478922	217643	86726	1036703	8926	31540	404738	22265198
stem_shoot.apex_GL_M0025_1	22621292	224429	105777	1145348	61272	202254	1515963	25876335
leaf_cold_SW_B_2	18358132	127045	60128	769209	66176	380803	4998040	24759533
leaf_heat_SW_P_2	18293669	159633	61780	788156	94199	424010	5035352	24856799
meristem_vegetative_DW_B_1	12723549	177612	58949	1178426	579238	115452	8045385	22878611
stem_shoot.apex_GL_M0056_2	22847281	216302	95072	1180870	9457	34677	449102	24832761
stem_shoot.apex_GL_M0048_2	23380217	204950	83060	1254622	8718	34053	470371	25435991
stem_shoot.apex_GL_M0033_2	30639587	301828	132548	1587210	13681	46639	619699	33341192
stem_shoot.apex_GL_M0016_1	25849608	292554	114540	1305580	82444	239358	1801191	29685275
stem_shoot.apex_GL_M0024_2	23896829	219792	105865	1203492	58979	215032	1626087	27326076
root_primary.Z1.7das_DS_B_2	11026093	106904	51665	501170	65602	121654	3729819	15602907
stem_shoot.apex_GL_M0057_1	21380196	212783	93159	1115031	9478	29173	421560	23261380
stem_shoot.apex_GL_M0033_1	18634627	180576	83225	930579	51170	195916	1426850	21502943
stem_shoot.apex_GL_M0022_2	24361965	229955	82482	1411073	55833	184693	1486806	27812807
stem_shoot.apex_GL_M0054_1	25097092	258102	107452	1329907	11123	36629	496669	27336974
stem_shoot.apex_GL_M0032_1	17790173	178692	73792	871553	53452	171068	1338417	20477147
stem_shoot.apex_GL_M0052_2	24572619	223344	100835	1289543	10548	35351	488482	26720722
stem_shoot.apex_GL_M0029_2	23444850	230115	96071	1190967	68632	207469	1654309	26892413
leaf_cold_SW_P_2	18204549	149643	78274	752903	80342	440417	4751010	24457138
stem_shoot.apex_GL_M0040_2	20429526	210315	89544	1004671	52758	193087	1451210	23431111
stem_shoot.apex_GL_M0028_1	22950129	214217	100299	1141548	60717	209491	1597977	26274378
stem_shoot.apex_GL_M0030_1	26220624	245389	114372	1323263	65709	236950	1822375	30028682
stem_shoot.apex_GL_M0026_2	27629295	289003	133260	1424789	84079	282347	2061110	31903883
stem_shoot.apex_GL_M0044_2	21555274	210327	98464	1171949	75583	213896	1738212	25063705
stem_shoot.apex_GL_M0039_1	22363080	235236	100111	1103207	71511	208425	1709489	25791059
leaf_cold_SW_M_1	18784242	151977	83676	819680	86052	479354	5019135	25424116
stem_shoot.apex_GL_M_1	24493821	248463	99540	1152344	76470	245615	1937752	28254005
root_seminal.7das_DS_B_2	20861357	149288	68181	873433	33945	161218	2375859	24523281
leaf_control_SW_OB_3	22784917	144946	75803	858862	76086	448627	6224777	30614018
stem_shoot.apex_GL_M0031_2	28832804	262144	115886	1430563	76872	269293	2172289	33159851
stem_shoot.apex_GL_M0046_2	21688808	227441	98248	1103177	61591	206879	1581552	24967696
leaf_heat_SW_BP_3	20739106	180617	76789	894842	105045	539170	6254752	28790321
stem_shoot.apex_GL_M0035_2	27148118	250065	102936	1245907	87016	228769	2190672	31253483
meristem_vegetative_DW_B_2	11330357	158207	46187	972247	821724	97831	11519647	24946200
stem_shoot.apex_GL_M0017_2	32987324	423394	202097	1713928	125771	325223	2493853	38271590
stem_shoot.apex_GL_M0051_2	24123649	248971	102994	1173245	67423	219476	1686613	27622371
stem_shoot.apex_GL_M0056_1	26558935	246862	112279	1326249	71796	260193	1985490	30561804
internode_0dap_DS_B_2	27452253	298518	139335	1578402	86787	316117	3714115	33585527
stem_shoot.apex_GL_M0052_1	28885056	254915	119117	1454847	68894	257682	1997183	33037694
leaf_control_SW_BP_2	25132015	157509	76252	960087	88014	548672	7041171	34003720
stem_shoot.apex_GL_M0048_1	27522881	238341	98861	1414270	65866	231514	1879598	31451331
stem_shoot.apex_GL_M0054_2	29520310	293956	127887	1500330	78434	276502	2036618	33834037
leaf_control_SW_BP_1	31381167	185443	87636	1186769	97505	612977	8556502	42107999
internode_18dap_DS_B_1	14725400	173445	97270	843124	118417	227944	5466292	21651892
root_primary_DW_B_2	19770609	129993	48231	1156433	121188	100757	2483416	23810627
stem_shoot.apex_GL_M0058_2	23368712	225610	95998	1211671	10065	32229	463835	25408120
leaf_heat_SW_BM_2	27942577	216749	92752	1252794	120528	628455	7678823	37932678
stem_shoot.apex_GL_M0060_1	25746867	262305	104991	1358120	10892	38602	523486	28045263
leaf_heat_SW_OB_3	25711961	269101	131643	1611410	170457	651349	8197220	36743141
leaf_cold_SW_BM_3	30389748	241746	119352	1556507	133590	684293	7540138	40665374
leaf_cold_SW_BP_2	30551777	208368	99424	1398101	108827	626308	7287996	40280801
leaf_heat_SW_BM_3	30100535	213244	93044	1269530	120308	700464	8244771	40741896
leaf_cold_SW_BP_1	31045193	190275	99959	1268850	104372	594816	7782597	41086062
stem_shoot.apex_GL_M0057_2	25089032	240394	109369	1258417	62962	229787	1751001	28740962
leaf_control_SW_BP_3	31449324	201882	99336	1155322	107810	680028	8516783	42210485
leaf_cold_SW_BM_1	30026903	207557	100578	1382451	118610	651029	7709289	40196417
stem_shoot.apex_GL_M0061_1	26127130	247159	109545	1283564	63279	231736	1803507	29865920
leaf_control_SW_OB_2	28727706	199119	104463	1078719	110914	601316	8698198	39520435
root_primary.7das_DS_B_1	32550805	288599	115289	1626131	83585	282861	4472904	39420174
leaf_heat_SW_BM_1	28378510	251805	98448	1311911	146503	727144	8768041	39682362
stem_shoot.apex_GL_M0058_1	27431709	255590	113756	1366029	66459	253652	1895447	31382642
leaf_heat_SW_BP_1	34571227	307719	121650	1563533	162258	794057	8936136	46456580
leaf_heat_SW_BP_2	30879032	267201	110149	1354521	150199	724423	8443706	41929231
leaf_control_SW_BM_3	25401167	161484	77889	1004841	101739	589786	9534911	36871817
leaf_heat_SW_OB_2	31914781	342022	164826	1961635	209800	813490	9791805	45198359
leaf_control_SW_BM_2	35703005	206530	106369	1328806	111132	706798	9582828	47745468
leaf_control_SW_BM_1	38715109	258580	132276	1545422	137663	875794	10590714	52255558
leaf_cold_SW_OB_2	30088814	385436	129121	1477874	192817	623594	9583948	42481604
leaf_cold_SW_BP_3	33818698	240260	113572	1483936	136738	723603	10376093	46892900
leaf_cold_SW_OB_3	31314994	418827	134941	1586151	219539	672593	10853016	45200061
leaf_cold_SW_BM_2	26016483	246151	122819	1246272	164877	657573	12252531	40706706
root_primary.Z3.7das_DS_B_2	13221150	107680	46741	639417	29830	112675	1634240	15791733
stem_shoot.apex_GL_M0016_2	21996468	258624	97521	1155198	10251	31257	436415	23985734
stem_shoot.apex_GL_M0017_1	28127993	370239	174423	1501641	13796	43234	535951	30767277
stem_shoot.apex_GL_M0015_2	23872432	228411	100820	1155194	62281	211150	1652738	27283026
stem_shoot.apex_GL_M0023_1	21934801	247810	107134	1098446	66497	210554	1535531	25200773
stem_shoot.apex_GL_M0060_2	30275340	301946	125080	1530988	82258	285428	2078605	34679645
stem_shoot.apex_GL_M0367_2	30911268	326608	130322	1564167	92798	300477	2357267	35682907
meristem_NAM.SAM_NL_B73_1	7458743	89489	27286	708533	52963	99757	944203	9380974
meristem_NAM.SAM_NL_B97_2	7444281	81317	27460	487077	47935	110324	851012	9049406
meristem_NAM.SAM_NL_CML103_1	6074716	63740	20068	452972	36292	86664	726992	7461444
meristem_NAM.SAM_NL_B97_1	10178232	111949	37661	686826	67485	159213	1223207	12464573
meristem_NAM.SAM_NL_B73_2	13200489	158293	47913	1228392	92528	170648	1637779	16536042
meristem_NAM.SAM_NL_CML228_1	4529026	44135	15437	293551	33335	60232	610298	5586014
meristem_NAM.SAM_NL_CML228_2	4393957	43688	15690	274398	29478	52340	547992	5357543
meristem_NAM.SAM_NL_CML103_2	7624495	83882	27124	590295	48590	118642	888920	9381948
meristem_NAM.SAM_NL_CML247_1	7950004	80140	22106	531444	50014	107445	1090186	9831339
meristem_NAM.SAM_NL_CML322_1	7080265	74817	25576	514015	51638	108110	934492	8788913
meristem_NAM.SAM_NL_CML277_1	9372995	93070	39504	614462	54860	140878	1170421	11486190
meristem_NAM.SAM_NL_CML333_1	6681837	61787	22150	456287	44115	94571	833396	8194143
meristem_NAM.SAM_NL_CML247_2	11243918	117681	34736	770157	74350	163993	1483739	13888574
meristem_NAM.SAM_NL_CML322_2	8411569	87349	31562	605904	61946	130823	1083518	10412671
meristem_NAM.SAM_NL_Ki11_2	3520726	34151	11809	239083	22409	49618	407302	4285098
meristem_NAM.SAM_NL_CML277_2	13494787	135948	59153	879587	80302	203994	1636335	16490106
meristem_NAM.SAM_NL_Ms71_1	1923618	20713	7781	118714	9777	27506	192950	2301059
meristem_NAM.SAM_NL_Ky21_1	4592861	47244	16909	319171	33853	67897	615013	5692948
meristem_NAM.SAM_NL_Ki11_1	5551848	50527	16689	370389	35300	76833	672652	6774238
meristem_NAM.SAM_NL_CML333_2	10219479	95072	35160	650273	62119	123351	1116733	12302187
meristem_NAM.SAM_NL_M37W_1	3673421	40917	14394	267110	24686	53658	451758	4525944
meristem_NAM.SAM_NL_Ki3_1	5988928	59220	20113	416349	40159	86479	810873	7422121
meristem_NAM.SAM_NL_IL14H_1	7271400	81622	29471	496211	52988	118031	909171	8958894
meristem_NAM.SAM_NL_CML52_1	8997651	100686	33836	611903	60895	138204	1138592	11081767
meristem_NAM.SAM_NL_Ms71_2	4003412	43709	16615	240838	19437	52324	373270	4749605
meristem_NAM.SAM_NL_CML69_1	7514521	95409	28119	595212	56336	113036	1022748	9425381
meristem_NAM.SAM_NL_Mo17_1	4835843	55540	17033	402192	43758	71136	709488	6134990
meristem_NAM.SAM_NL_NC350_1	3715554	44028	10339	400433	29218	41430	428559	4669561
meristem_NAM.SAM_NL_M162W_1	4135268	51717	15261	314941	47216	59760	797883	5422046
meristem_NAM.SAM_NL_Hp301_1	7731700	81573	30152	524205	53354	126286	987266	9534536
meristem_NAM.SAM_NL_Oh43_1	4171936	43725	8534	423810	27800	49367	512824	5237996
meristem_NAM.SAM_NL_Hp301_2	10257833	109887	41744	693168	70308	168189	1256325	12597454
meristem_NAM.SAM_NL_CML52_2	10544341	118785	41313	709254	71322	162206	1277051	12924272
meristem_NAM.SAM_NL_NC358_1	4697677	49637	15622	360385	33434	65316	605988	5828059
meristem_NAM.SAM_NL_Mo18W_1	7096296	88802	27978	571366	43972	102861	883556	8814831
meristem_NAM.SAM_NL_P39_1	5484565	85646	27871	460805	54246	100629	729662	6943424
meristem_NAM.SAM_NL_NC358_2	6022048	64940	20527	428063	38715	70745	682871	7327909
meristem_NAM.SAM_NL_Oh43_2	6225349	64477	13456	580774	36849	62642	692817	7676364
meristem_NAM.SAM_NL_NC350_2	6247638	73850	18014	639105	45174	61404	666392	7751577
meristem_NAM.SAM_NL_M37W_2	7560005	88626	28188	622630	59323	104396	1013680	9476848
meristem_NAM.SAM_NL_Oh7B_1	7919324	87394	32037	525019	56352	121495	961887	9703508
meristem_NAM.SAM_NL_P39_2	6390421	102241	33217	512232	59519	107151	804068	8008849
meristem_NAM.SAM_NL_Mo18W_2	8379640	104475	33917	639985	49521	110051	975477	10293066
meristem_NAM.SAM_NL_CML69_2	11902926	152171	46142	946553	89282	180703	1559718	14877495
meristem_NAM.SAM_NL_Oh7B_2	9616541	106222	39645	611580	61322	127898	1049038	11612246
meristem_NAM.SAM_NL_Tx303_1	8195283	88834	30585	525604	49857	116613	968924	9975700
meristem_NAM.SAM_NL_Ky21_2	11907310	124289	45783	832954	80477	171609	1502527	14664949
meristem_NAM.SAM_NL_IL14H_2	13021031	152355	54807	886389	96640	212004	1570895	15994121
meristem_NAM.SAM_NL_Tx303_2	9419924	102746	36211	576029	54241	120062	1014115	11323328
root_NAM_NL_CML103_1	13924309	180110	77411	624405	58722	176365	1715349	16756671
meristem_NAM.SAM_NL_Tzi8_1	9788722	118596	46528	692601	75796	170236	1262133	12154612
tassel_NAM_NL_CML277_1	11779793	153233	79910	611277	51663	160146	1544241	14380263
meristem_NAM.SAM_NL_Ki3_2	12925938	130106	46632	913410	84602	191709	1683302	15975699
root_NAM_NL_CML228_1	16900171	237533	102588	874431	75631	206220	2281895	20678469
meristem_NAM.SAM_NL_M162W_2	10537878	138072	40690	811135	104876	150732	1864413	13647796
root_NAM_NL_CML322_1	12861094	149777	72586	643624	47674	162541	1475271	15412567
meristem_NAM.SAM_NL_Mo17_2	14082899	163590	57735	1011581	85302	195824	1588854	17185785
shoot_NAM_NL_CML103_1	14691435	168077	76052	680686	53897	159551	1666699	17496397
meristem_NAM.SAM_NL_Tzi8_2	11553977	141126	55779	784417	87076	184492	1396413	14203280
root_NAM_NL_CML247_1	15313920	239034	110672	789952	75205	221318	2004816	18754917
tassel_NAM_NL_CML228_1	16001419	215763	94019	785620	88195	196503	2167983	19549502
ear_NAM_NL_CML103_1	16392954	205197	101122	792952	67623	203028	2139268	19902144
coleoptile_hypoxia_SB_B_1	10143554	106050	45882	694904	51506	62918	712967	11817781
coleoptile_normoxia_SB_B.polysomal_1	7990613	30547	17591	290024	38153	40995	662275	9070198
coleoptile_hypoxia_SB_B.polysomal_2	10385404	96700	45260	652829	108023	57022	838619	12183857
tassel_NAM_NL_CML103_1	16851056	209149	103219	919668	75226	190083	2145330	20493731
shoot_NAM_NL_CML277_1	14941698	195831	86786	714934	66540	177665	1836803	18020257
root_normoxia_SB_B_2	292823	2071	1369	18640	931	1667	19199	336700
coleoptile_hypoxia_SB_B_2	12708994	143521	61149	791640	71317	89766	1043276	14909663
tassel_NAM_NL_B97_1	19130267	273614	120834	1119615	99705	235773	2486707	23466515
coleoptile_recovery_SB_B.polysomal_2	9001984	54977	19552	375988	82737	47951	916287	10499476
shoot_NAM_NL_CML228_1	16915487	269006	106739	723043	101172	225654	2456593	20797694
root_normoxia_SB_B_2	292823	2071	1369	18640	931	1667	19199	336700
root_hypoxia_SB_B_1	7251950	65514	34298	454222	24095	41109	442619	8313807
coleoptile_normoxia_SB_B_2	12529698	108412	45229	706164	39632	90217	1107531	14626883
tassel_NAM_NL_Hp301_1	15686012	236277	97161	776054	82450	200088	2063696	19141738
coleoptile_recovery_SB_B_2	12135716	102984	34330	675246	44991	69607	918237	13981111
coleoptile_recovery_SB_B.polysomal_1	13084601	79035	27925	565284	105120	61424	1151915	15075304
root_hypoxia_SB_B.polysomal_1	12736080	101525	62238	764326	100422	61191	987615	14813397
root_NAM_NL_Hp301_1	13899722	187857	87978	687624	69652	212243	1873545	17018621
coleoptile_hypoxia_SB_B.polysomal_1	17935643	150296	78455	1193212	116478	99108	1520008	21093200
root_hypoxia_SB_B_2	8913683	77648	45739	587300	72614	50296	727752	10475032
coleoptile_recovery_SB_B_1	13471661	144130	41587	815520	189540	75310	1350953	16088701
root_NAM_NL_CML69_1	14641819	245355	91046	727406	89020	187681	1952234	17934561
root_normoxia_SB_B.polysomal_1	8883643	77330	39146	588717	153195	43294	927419	10712744
root_NAM_NL_CML52_1	17275654	214639	94390	927178	64343	216367	2084217	20876788
ear_NAM_NL_CML277_1	17742309	223456	123136	712020	71177	234071	2293742	21399911
root_normoxia_SB_B.polysomal_2	9753106	42282	34416	400818	68481	57511	963031	11319645
tassel_NAM_NL_CML333_1	15701701	223734	99354	800165	79662	189620	1921707	19015943
leaf_control_SB_B.polysomal_2	4884192	41296	17488	262945	113506	62328	883281	6265036
leaf_control_SB_B_4	4797855	32527	17362	230184	47305	50976	674722	5850931
coleoptile_normoxia_SB_B.polysomal_2	18185834	145756	55778	1161889	192776	90051	1720562	21552646
tassel_NAM_NL_CML322_1	15015835	239728	101625	843959	114009	209260	2264206	18788622
root_hypoxia_SB_B.polysomal_2	17586686	97996	68178	858900	117438	84382	1311147	20124727
leaf_control_SB_B_1	6635019	48774	25069	323728	76080	77288	995004	8180962
shoot_NAM_NL_CML247_1	17256562	240335	107417	963197	74643	225745	2226070	21093969
shoot_NAM_NL_CML52_1	17684626	198623	98049	824345	63210	213856	2051007	21133716
shoot_NAM_NL_Hp301_1	14718430	163126	77167	666603	57772	189804	1765663	17638565
shoot_NAM_NL_CML333_1	16522352	285686	122369	986289	96706	239043	2267368	20519813
ear_NAM_NL_CML228_1	16487952	247840	126452	832636	92463	244380	3025733	21057456
leaf_control_SB_B_3	7757088	50125	27758	370881	69097	72859	987504	9335312
root_recovery_SB_B.polysomal_2	12944437	98290	53608	762667	133734	59965	1125909	15178610
ear_NAM_NL_Hp301_1	18329586	220557	94424	831325	68942	220741	2304901	22070476
ear_NAM_NL_CML69_1	16632340	190805	85483	828238	56935	188183	2040467	20022451
ear_NAM_NL_IL14H_1	16549660	241982	121580	761266	89685	253596	2764150	20781919
root_NAM_NL_CML277_1	16932321	244447	113205	861451	86008	234499	2155444	20627375
leaf_recovery_SB_B_1	7771156	62781	32779	487990	90648	71360	689850	9206564
ear_NAM_NL_CML333_1	17160154	224461	111131	800597	80350	229458	2529983	21136134
leaf_recovery_SB_B.polysomal_3	6080435	86643	26380	396996	273017	102152	1138455	8104078
leaf_submergence_SB_B_3	4944664	60240	17100	334141	107117	57394	593177	6113833
leaf_recovery_SB_B_2	6801793	52628	27572	436147	76747	64918	743199	8203004
shoot_NAM_NL_CML322_1	17270714	208845	115181	856741	69910	248195	2150929	20920515
shoot_NAM_NL_IL14H_1	17181621	189300	83960	694759	66290	205744	2359781	20781455
leaf_recovery_SB_B_4	7385047	55145	29619	447011	86887	66475	694706	8764890
leaf_control_SB_B_2	11814135	67693	42857	533511	98985	120459	1801199	14478839
leaf_recovery_SB_B_3	8250933	64748	33244	529033	91723	71990	715768	9757439
leaf_control_SB_B.polysomal_1	7644560	94076	27932	423374	330613	129740	1733879	10384174
leaf_submergence_SB_B.polysomal_4	4950285	72038	18848	321334	177846	84969	826632	6451952
tassel_NAM_NL_CML247_1	18716663	285012	107911	1064346	86014	230705	2455597	22946248
leaf_recovery_SB_B.polysomal_1	8233600	131485	45564	693042	415878	118476	1492618	11130663
leaf_auricle.V12_DZ_B_2	6999487	87279	47878	422519	44983	93339	888374	8583859
leaf_submergence_SB_B_2	6029744	66579	23498	348878	96196	75764	989350	7630009
leaf_submergence_SB_B_4	7716651	101506	29896	534226	189414	106458	894573	9572724
leaf_auricle.V12_DZ_B_3	7473828	64951	44937	466364	27767	86409	925588	9089844
leaf_submergence_SB_B.polysomal_3	6955317	125334	26882	512444	325664	126656	1282288	9354585
leaf_control_SB_B.polysomal_4	12581912	129234	42491	733573	359244	154514	1913594	15914562
root_recovery_SB_B.polysomal_1	21819402	101324	66255	834685	103769	116529	1876625	24918589
coleoptile_normoxia_SB_B_1	31462702	265685	107195	1933918	158280	183231	2553953	36664964
shoot_NAM_NL_CML69_1	17242568	298099	111285	855902	106552	228426	2315361	21158193
leaf_submergence_SB_B.polysomal_2	6622816	142868	31872	523043	391543	150354	1437693	9300189
tassel_NAM_NL_CML69_1	16966553	199217	105143	881058	62059	189885	1981244	20385159
leaf_auricle.V12_DZ_B_1	9917917	106717	61510	636801	36404	114501	1006371	11880221
ear_NAM_NL_Ki11_1	16947253	224577	117964	791958	83178	236761	2338044	20739735
leaf_blade.V12_DZ_B_1	7579714	121657	46892	397171	72788	102742	994034	9314998
leaf_blade.V12_DZ_B_2	8686836	125514	51050	454440	61569	102645	984528	10466582
ear_NAM_NL_CML247_1	20110334	288401	137086	939940	91349	277886	2878633	24723629
leaf_blade.V12_DZ_B_3	8835031	173756	56262	501795	80665	112676	1064720	10824905
leaf_blade.V12_DZ_M_2	7691491	108336	46190	457932	67456	113080	1122281	9606766
leaf_blade.V12_DZ_M_1	7336041	98429	45561	468454	56104	106554	1082302	9193445
tassel_NAM_NL_IL14H_1	15650857	285502	113290	848563	108672	216830	2507178	19730892
root_NAM_NL_CML333_1	19606516	323085	154404	1188580	112624	292838	2618714	24296761
leaf_auricle.V12_DZ_M_2	9166125	146860	75575	772632	83561	161769	1323029	11729551
floret_0dap_DZ_B_1	684924	15150	6397	68846	9539	10072	98077	893005
root_normoxia_SB_B_1	8710865	77278	39428	509179	43293	57589	698769	10136401
floret_0dap_DZ_B_1	684924	15150	6397	68846	9539	10072	98077	893005
coleoptile_tip_DZ_M_1	9426953	87069	47003	749956	47819	108898	1137718	11605416
leaf_auricle.V12_DZ_M_3	9944415	149005	72821	721009	70933	156646	1294534	12409363
ear_V14_DZ_M_2	8356412	116652	57418	652953	53463	127586	970274	10334758
coleoptile_tip_DZ_B_2	9211082	78390	47495	880034	34165	86187	1021419	11358772
root_normoxia_SB_B_1	8710865	77278	39428	509179	43293	57589	698769	10136401
tassel_NAM_NL_Ki11_1	17433007	203140	113471	911046	73075	206868	2343551	21284158
ear_V14_DZ_M_1	8892630	108464	54937	623904	50285	126160	1025569	10881949
ear_V14_DZ_M_3	7953299	92823	52938	564026	44839	123454	1066354	9897733
coleoptile_tip_DZ_M_2	9657416	87221	49418	747455	54540	113009	1206573	11915632
coleoptile_tip_DZ_B_3	10197583	92482	44730	618208	77348	87111	1099113	12216575
ear_V14_DZ_B_2	8263324	117509	58855	700188	135573	112734	1284602	10672785
leaf_submergence_SB_B.polysomal_1	9007243	197335	40272	690959	620629	178912	2228078	12963428
coleoptile_tip_DZ_B_1	9397119	96787	50727	961397	116360	98201	1337123	12057714
coleoptile_tip_DZ_M_3	10333923	91379	47572	923314	72014	110732	1296969	12875903
leaf_recovery_SB_B.polysomal_2	10919501	225881	58950	952749	767910	219022	2802314	15946327
leaf_submergence_SB_B_1	15421207	218558	63934	1241928	443644	212183	1821823	19423277
leaf_flag.0dap_DZ_B_2	7142363	98927	53028	558156	52123	90654	821954	8817205
shoot_NAM_NL_Ki11_1	18744941	206742	93562	850549	73108	207509	2349964	22526375
ear_V14_DZ_B_3	7728811	105133	51838	687555	151331	105518	1366275	10196461
leaf_flag.0dap_DZ_B_1	7025244	92469	49055	525298	70169	99056	878371	8739662
ear_NAM_NL_Ki3_1	17203964	178671	80178	808063	57578	201641	2446671	20976766
leaf_flag.0dap_DZ_B_3	7594059	93696	50750	455552	50405	88113	862718	9195293
tassel_NAM_NL_CML52_1	17437111	234081	108897	877299	90248	243755	3020405	22011796
internode_V12_DZ_B_3	5755598	78472	53707	464463	59881	75816	607554	7095491
floret_0dap_DZ_M_3	6651883	112985	58212	667065	67473	92949	987440	8638007
floret_0dap_DZ_M_2	7435949	171950	67800	893609	97287	90513	933277	9690385
floret_0dap_DZ_B_3	7077530	139618	72695	847173	101853	91558	1019528	9349955
leaf_flag.0dap_DZ_M_2	8886767	103675	53793	472349	73255	123597	1094628	10808064
leaf_control_SB_B.polysomal_3	16751978	199713	58422	1086221	665631	243723	3265115	22270803
root_NAM_NL_Ki11_1	17955150	203677	93975	1057636	53914	199353	2046749	21610454
husk_0dap_DZ_B_2	9156347	98677	60860	806830	63053	105609	1043157	11334533
ear_NAM_NL_CML322_1	19965136	251239	138244	855141	85084	287816	2795513	24378173
husk_0dap_DZ_B_3	9463453	113368	64483	678313	64358	114810	1047203	11545988
leaf_flag.0dap_DZ_M_1	10014211	122002	61407	596549	62862	130157	1090479	12077667
root_NAM_NL_IL14H_1	17739703	201033	98495	758310	67242	213775	2263340	21341898
shoot_NAM_NL_Ki3_1	16775416	194646	93996	747440	61315	204566	2157486	20234865
floret_0dap_DZ_B_2	7768986	154078	73610	738978	126485	99775	1152889	10114801
ear_NAM_NL_CML52_1	19104657	265816	121577	911168	94417	271196	3111731	23880562
husk_0dap_DZ_B_1	10023062	117653	72210	839243	60355	124275	1082313	12319111
internode_V12_DZ_B_1	9120008	100887	83204	1029744	40532	112701	942945	11430021
internode_V12_DZ_M_2	9112739	107196	67664	837688	56751	125497	964644	11272179
ear_V14_DZ_B_1	6699042	122658	48956	510622	315588	104167	1983052	9784085
ear_NAM_NL_Mo18W_1	11637576	174970	88048	599142	49215	161299	1563473	14273723
internode_V12_DZ_B_2	9231037	127936	90340	794861	63180	121638	902850	11331842
internode_V12_DZ_M_3	9012035	110045	67940	931096	60020	132558	1015179	11328873
root_radicle_DZ_B_1	9856812	103329	54753	1116725	37520	87799	767393	12024331
root_radicle_DZ_B_3	8451439	81450	51371	1009294	43650	78568	783053	10498825
leaf_auricle.V12_DZ_M_1	7638196	205156	69960	656835	484316	212521	2658045	11925029
root_radicle_DZ_M_3	8401353	88270	53188	897195	49986	105183	983015	10578190
husk_0dap_DZ_M_3	9996993	117356	72397	756321	83932	139278	1282885	12449162
leaf_recovery_SB_B.polysomal_4	15649085	262775	84631	1327685	882374	316598	3217041	21740189
husk_0dap_DZ_M_2	10074257	103572	62237	732434	76014	123155	1216167	12387836
root_radicle_DZ_M_2	9052442	99668	53334	939129	49599	112931	975398	11282501
tassel_NAM_NL_Mo18W_1	11492347	170641	78745	688047	49901	142006	1429140	14050827
root_radicle_DZ_B_2	9294618	87707	51607	955185	47799	83893	871118	11391927
embryo_imbibed.seed_DZ_M_1	10328555	175597	53597	1106673	317234	118638	2247361	14347655
root_NAM_NL_Ki3_1	18427612	244398	89262	1204750	75873	208599	2501792	22752286
husk_0dap_DZ_M_1	9823422	115733	62810	750740	141333	132864	1377473	12404375
root_NAM_NL_M162W_1	14805487	196728	67218	685913	58147	164894	1800652	17779039
root_radicle_DZ_M_1	9125161	106816	56146	928624	98884	115074	1222581	11653286
embryo_imbibed.seed_DZ_M_4	7994482	140142	44604	775224	314147	82835	1935288	11286722
embryo_imbibed.seed_DZ_B_1	12351440	182852	72292	1097886	302697	115382	1937187	16059736
leaf_seedling.11das_DZ_M_1	9872463	98447	55894	828029	110566	176864	1552352	12694615
leaf_seedling.11das_DZ_B_3	10200442	99576	58680	836944	63901	128741	1317045	12705329
leaf_seedling.11das_DZ_B_2	10163140	97788	55870	927040	63019	126695	1320122	12753674
leaf_seedling.11das_DZ_B_1	10264112	102846	54768	634994	75692	137271	1364508	12634191
embryo_imbibed.seed_DZ_M_3	5991875	174179	29278	566810	553117	58333	2419121	9792713
leaf_seedling.11das_DZ_M_2	11102462	96063	61309	934031	75352	156332	1546323	13971872
embryo_imbibed.seed_DZ_B_2	13545174	221265	76664	1220951	270745	143304	2140362	17618465
silk_0dap_DZ_M_1	6739993	195733	47154	614563	104708	95929	1013913	8811993
ear_NAM_NL_M162W_1	17302922	254490	106156	804330	79308	234323	2315651	21097180
silk_0dap_DZ_M_3	6448136	177989	54918	593407	66800	108179	858333	8307762
meristem_seedling.11das_DZ_B_2	10732238	98318	49786	746635	58695	108782	1276537	13070991
embryo_imbibed.seed_DZ_M_2	13246316	238540	77703	1252515	404766	159187	2884322	18263349
internode_V12_DZ_M_1	14515498	187692	124093	1346098	118888	213462	1659598	18165329
leaf_sheath.V12_DZ_B_2	9463031	125043	63925	723719	52627	115427	966857	11510629
silk_0dap_DZ_B_3	7337241	235561	54192	638663	53171	91781	827620	9238229
leaf_sheath.V12_DZ_M_1	7848289	125066	62461	671228	65992	137820	1055420	9966276
leaf_sheath.V12_DZ_B_1	9188219	118186	64486	731553	47545	113647	946993	11210629
leaf_sheath.V12_DZ_B_3	8360795	124019	57541	589354	63800	111909	947879	10255297
leaf_seedling.11das_DZ_M_3	9310887	97079	55889	861204	118979	180001	1543358	12167397
meristem_seedling.11das_DZ_B_1	12596244	122153	58214	853149	45803	124741	1298001	15098305
silk_0dap_DZ_M_2	6949625	205111	50381	582292	85982	105920	974873	8954184
leaf_sheath.V12_DZ_M_2	7975628	132550	69625	750526	64731	147803	1126668	10267531
root_NAM_NL_NC358_1	13568231	188334	80818	721271	58178	168230	1615998	16401060
silk_0dap_DZ_B_1	8314647	242986	58281	694564	55683	97096	868847	10332104
tassel_stem.0dap_DZ_M_2	6991999	89375	62499	625577	56965	114804	869228	8810447
meristem_seedling.11das_DZ_B_3	12008858	120321	59501	861612	66163	123193	1280008	14519656
meristem_seedling.11das_DZ_M_3	11285811	115385	59103	765364	51761	139085	1343489	13759998
root_seedling.11das_DZ_B_2	11452996	120165	59003	741706	61330	118352	1042313	13595865
root_seedling.11das_DZ_M_1	9132717	149523	64186	704070	86887	156898	1122549	11416830
shoot_NAM_NL_M37W_1	14231719	152298	69959	628010	63089	181159	2202896	17529130
silk_0dap_DZ_B_2	7630820	201113	49570	616986	145645	89944	1147194	9881272
leaf_sheath.V12_DZ_M_3	8163267	132779	68025	724048	64989	145971	1190105	10489184
root_seedling.11das_DZ_B_3	10640550	115819	60939	686514	58636	123257	1094570	12780285
root_seedling.11das_DZ_B_1	11593925	120337	62328	825927	76684	125679	1215405	14020285
meristem_seedling.11das_DZ_M_2	11790780	123464	66601	887354	60198	155296	1526110	14609803
tassel_stem.0dap_DZ_M_3	7228972	79651	52968	581368	59556	105613	849951	8958079
spikelet_0dap_DZ_B_2	10630478	123799	64262	811286	65599	130331	1158539	12984294
leaf_blade.V12_DZ_M_3	3626306	291439	68221	315907	786423	667919	3721236	9477451
spikelet_0dap_DZ_B_1	10372073	139894	66580	742043	67500	134809	1110425	12633324
spikelet_0dap_DZ_B_3	9917434	123185	65882	821868	58580	130767	1108847	12226563
tassel_V12_DZ_M_2	7283957	89395	52710	639157	66343	111746	1023843	9267151
tassel_stem.0dap_DZ_M_1	7084869	101248	65364	718489	99474	120509	998246	9188199
spikelet_0dap_DZ_M_1	9550086	145292	70379	759822	88674	152062	1153932	11920247
meristem_seedling.11das_DZ_M_1	13373186	136028	72876	1100916	76478	168325	1748657	16676466
tassel_stem.0dap_DZ_B_1	9998027	135633	77416	830683	68421	126952	996611	12233743
tassel_stem.0dap_DZ_B_2	9799102	134546	75527	923443	69244	126007	941729	12069598
spikelet_0dap_DZ_M_2	9467329	128511	61045	755742	115836	135946	1317009	11981418
shoot_NAM_NL_Oh43_1	12961192	171386	81375	654299	58491	180677	2281914	16389334
spikelet_0dap_DZ_M_3	9580339	124320	68606	783625	77872	145940	1232581	12013283
tassel_stem.0dap_DZ_B_3	8746857	150123	64527	921834	166749	114519	1163952	11328561
tassel_V12_DZ_B_1	8919892	129337	59970	729315	186512	121371	1456775	11603172
root_NAM_NL_B97_1	12567211	138767	61439	576406	43375	144868	1496384	15028450
root_NAM_NL_M37W_1	16235132	236740	92212	744980	78116	177770	1947398	19512348
shoot_NAM_NL_NC350_1	15266571	186420	82933	674259	57059	199036	2001431	18467709
shoot_NAM_NL_Mo18W_1	14071499	229743	107438	761412	76069	222750	1948305	17417216
ear_NAM_NL_Oh43_1	17179400	208337	93725	697798	59630	238685	2350530	20828105
tassel_V12_DZ_M_1	7145694	115960	56756	580006	212475	112589	1560726	9784206
tassel_V12_DZ_B_3	9170556	130870	50400	591337	198745	105210	1444880	11691998
ear_NAM_NL_Ky21_1	17466809	206908	103498	758744	62845	206207	2255887	21060898
tassel_NAM_NL_Ki3_1	17568408	254256	112131	878505	89501	213133	2273094	21389028
ear_NAM_NL_B97_1	12227495	199663	82533	563314	67581	169419	1646032	14956037
root_NAM_NL_Oh7B_1	14379330	245551	89045	835433	86340	174673	1768177	17578549
shoot_NAM_NL_NC358_1	17062941	187720	90137	827306	60227	212352	2036038	20476721
root_NAM_NL_Oh43_1	17511597	176110	88493	1048831	57426	178050	1956262	21016769
shoot_NAM_NL_P39_1	14584953	223443	100927	711155	91299	230233	2194484	18136494
root_NAM_NL_Ky21_1	16506959	253536	103978	844406	76159	208607	2231748	20225393
root_NAM_NL_NC350_1	16234112	215383	89901	778435	62229	198795	2012694	19591549
tassel_NAM_NL_NC358_1	15324645	241967	94110	752402	89443	183029	2055485	18741081
tassel_V12_DZ_B_2	9183456	164411	55646	678397	379007	121321	2034074	12616312
tassel_V12_DZ_M_3	7903829	171419	77090	633542	382244	135596	2221123	11524843
tassel_NAM_NL_Mo17_1	15888367	282336	93935	808254	134076	241163	2560832	20008963
shoot_NAM_NL_Ky21_1	18483539	202642	87816	809719	62806	202618	2293921	22143061
tassel_NAM_NL_NC350_1	15862244	291228	101149	779099	99719	202142	2189938	19525519
tassel_NAM_NL_Oh7B_1	17047487	280199	111790	857949	98704	209935	2288867	20894931
tassel_NAM_NL_B73_1	15756819	264786	108912	932309	85571	184000	2072732	19405129
shoot_NAM_NL_Mo17_1	16355401	206212	109850	840225	64973	246123	2122682	19945466
shoot_NAM_NL_Oh7B_1	16889306	201825	87236	744944	72216	194846	2100604	20290977
shoot_NAM_NL_M162W_1	16359665	302388	133603	849723	97033	269198	2490616	20502226
ear_NAM_NL_NC350_1	15604944	279915	148247	745512	93868	284632	2315052	19472170
tassel_NAM_NL_Tx303_1	15757339	202723	92014	731825	66450	188825	1972125	19011301
ear_NAM_NL_NC358_1	16607538	211775	107664	723094	72433	241171	2310844	20274519
root_NAM_NL_Tx303_1	14910645	183477	83825	706283	53931	170313	1718870	17827344
ear_NAM_NL_Oh7B_1	16137529	293466	137295	815450	99146	250194	2307118	20040198
tassel_NAM_NL_Ky21_1	18209857	268317	127712	1010292	84721	209114	2167638	22077651
fieldear_NAM_NL_Ms71_1	3737194	151805	82576	553349	177833	189169	5514559	10406485
ear_NAM_NL_Mo17_1	17697525	199444	97885	789315	55580	226458	2251680	21317887
root_NAM_NL_P39_1	16627422	282694	131135	922100	95012	262944	2274176	20595483
tassel_NAM_NL_M162W_1	17450338	304993	137106	983123	96417	246101	2478963	21697041
root_NAM_NL_Mo17_1	17779933	248452	118827	931737	75825	244426	2208542	21607742
shoot_NAM_NL_B97_1	15301621	195465	113654	807034	60922	198582	1868493	18545771
shoot_NAM_NL_B73_1	17393615	162592	66478	742999	54843	173753	2289794	20884074
shoot_NAM_NL_Tzi8_1	16818106	263435	114414	847294	98969	259176	2276765	20678159
root_NAM_NL_Tzi8_1	14520702	348655	109317	959442	140289	225785	2147379	18451569
ear_NAM_NL_Tx303_1	17536950	275019	132923	802528	84823	265040	2383122	21480405
ear_NAM_NL_M37W_1	15948624	240644	98982	834436	76840	175124	1962801	19337451
tassel_NAM_NL_P39_1	17022872	282388	115714	885145	111384	237406	2467770	21122679
shoot_NAM_NL_Tx303_1	19575096	179989	95987	743043	56703	224915	2429106	23304839
ear_NAM_NL_P39_1	18670620	265621	114361	930463	97081	267334	2647723	22993203
ear_NAM_NL_M37W_1	15325864	186613	93459	683974	55716	183773	1982806	18512205
tassel_NAM_NL_Tzi8_1	16584063	230084	105571	888920	84004	223102	2227879	20343623
tassel_NAM_NL_Oh43_1	17962088	330880	132023	964458	116565	273279	2769035	22548328
ear_NAM_NL_Tzi8_1	17583059	217088	100002	756119	77586	232999	2382498	21349351
shoot_NAM_NL_Ms71_1	23782091	234601	82555	938689	73506	222341	3215850	28549633
root_NAM_NL_B73_1	18600749	268072	130394	1063520	77424	229048	2225166	22594373
ear_NAM_NL_B73_1	20802953	330200	151135	987713	91415	291532	2838297	25493245
root_NAM_NL_Ms71_1	25122245	238787	115591	961468	62352	241948	3022619	29765010
embryo_27dap_DZ_B_3	4904298	102306	49934	402240	84149	79722	821248	6443897
embryo_27dap_DZ_B_2	5648522	104872	48818	347320	55809	73367	679767	6958475
embryo_27dap_DZ_B_1	5561687	136376	68126	417829	93647	92622	884623	7254910
endosperm_14dap_DZ_B_3	6213706	191278	134898	366654	45065	147989	932152	8031742
embryo_27dap_DZ_M_2	5412839	131126	90855	611474	52448	129361	888062	7316165
embryo_27dap_DZ_M_1	5197972	107349	77730	526371	59200	107233	806227	6882082
embryo_27dap_DZ_MB_2	6211933	196059	96913	468071	90549	125838	917334	8106697
embryo_27dap_DZ_MB_1	6603543	203261	113549	504894	57461	130650	858492	8471850
endosperm_14dap_DZ_B_2	6525783	179779	123400	331270	60553	145085	906962	8272832
endosperm_14dap_DZ_M_2	5438551	79022	80260	327305	47231	115876	887416	6975661
endosperm_14dap_DZ_M_3	5292366	78537	76309	373156	60890	114663	909877	6905798
endosperm_14dap_DZ_M_1	6188351	91497	85967	353346	58760	126110	938081	7842112
endosperm_14dap_DZ_B_1	6165428	161925	121277	343037	50752	141395	911425	7895239
embryo_27dap_DZ_MB_3	5456934	157929	83145	439319	135212	91605	935822	7299966
endosperm_14dap_DZ_MB_2	5617132	115832	113393	353041	45622	148213	931494	7324727
endosperm_14dap_DZ_MB_3	6076315	148197	144319	387805	94446	178355	1070598	8100035
endosperm_14dap_DZ_MB_1	5974574	180029	174976	393818	82384	207252	1195120	8208153
leaf_flag.0dap_DZ_M_3	7291919	84994	43796	444875	48718	98202	861480	8873984
seed_14dap_DZ_B_2	8607646	194425	129864	509735	74984	173240	1258673	10948567
root_0dap_DZ_B_1	10723620	106117	60286	696231	41792	104285	921751	12654082
seed_14dap_DZ_B_3	7982747	196972	125911	472167	112260	180392	1333308	10403757
seed_14dap_DZ_B_1	8265949	212827	147452	515817	99188	198292	1363625	10803150
root_0dap_DZ_B_2	8978355	88155	58655	708020	35050	100748	883375	10852358
endosperm_27dap_DZ_M_3	6887233	952596	813855	557939	114238	902454	2681538	12909853
endosperm_27dap_DZ_M_1	8061416	1012369	593181	648516	158897	1001200	2921547	14397126
root_0dap_DZ_B_3	12123757	109249	72767	765672	35582	116686	993413	14217126
seed_14dap_DZ_MB_3	9162916	202495	180925	544880	89004	231092	1442409	11853721
seed_14dap_DZ_MB_1	7877460	214293	193843	564932	120823	274355	1595838	10841544
endosperm_27dap_DZ_B_1	9727882	1572182	640042	791223	245071	894386	3712900	17583686
embryo_27dap_DZ_M_3	3226175	201938	67904	380177	701834	85892	2854919	7518839
root_0dap_DZ_M_3	9464951	98314	63892	620521	42511	127135	1010378	11427702
endosperm_27dap_DZ_B_2	9216196	1521015	717902	840143	277364	744434	3698218	17015272
seed_14dap_DZ_M_3	8621642	155153	109376	564717	145442	166173	1551705	11314208
endosperm_27dap_DZ_MB_1	7589163	1212758	722698	677173	203475	949707	3447123	14802097
seed_14dap_DZ_M_2	10304825	174758	122091	604179	92809	214520	1452833	12966015
endosperm_27dap_DZ_M_2	8795522	1040198	921003	631188	296050	840324	3050007	15574292
seed_14dap_DZ_M_1	10266161	183431	152128	602444	110420	203603	1475524	12993711
endosperm_27dap_DZ_MB_3	7406168	1318863	810836	709681	147873	936929	3371527	14701877
root_0dap_DZ_M_1	10777880	122025	71348	741227	55454	146747	1145758	13060439
root_0dap_DZ_M_2	9046683	89668	56059	628280	35512	115483	972597	10944282
endosperm_27dap_DZ_B_3	10552466	1447737	734062	805002	470440	707160	3824768	18541635
embryo_imbibed.seed_DZ_B_3	12523685	193152	71299	1071988	212670	135606	1922185	16130585
seed_14dap_DZ_MB_2	8585072	272916	248626	610476	167035	311636	1789421	11985182
endosperm_27dap_DZ_MB_2	7566440	1005574	818537	639444	336770	827187	3206352	14400304
